MishearID,Src,Tgt,DocID,URL,Note
NA_dummy_001,,,summercampaign202206-09,https://www.chibagin-sec.co.jp/topics/assets/summercampaign_202206-09.pdf,NO_INCIDENT: no explicit mishearing found
